id,title,link,price,origin,image,seller_name,seller_link,sell_type,num_bids,num_watchers,num_stock,date
item1cd4f78a61,"Delias wollastoni ssp. wollastoni Male EX Irian Jaya, Indonesia n712",https://www.ebay.com/itm/Delias-wollastoni-ssp-wollastoni-Mannchen-ex-Irian-Jaja-Indonesia-n712/123832076897?hash=item1cd4f78a61:g:pbMAAOSwn4FdJxye,$54.15,"Brachbach, Germany",https://i.ebayimg.com/thumbs/images/g/pbMAAOSwn4FdJxye/s-l225.jpg,borboleta555,https://www.ebay.com/usr/borboleta555?_trksid=p2047675.l2559,Instant,0,0,1,"Nov 01, 2020 03:49:47 PST"
